ticker,SPY,XLB,XLE,XLF,XLK,XLP,XLU,XLV,XLY
SPY,1.0,0.86,0.68,0.869,0.925,0.733,0.589,0.817,0.908
XLB,0.86,1.0,0.72,0.823,0.717,0.651,0.53,0.708,0.761
XLE,0.68,0.72,1.0,0.703,0.518,0.465,0.407,0.523,0.553
XLF,0.869,0.823,0.703,1.0,0.698,0.645,0.515,0.707,0.758
XLK,0.925,0.717,0.518,0.698,1.0,0.585,0.453,0.686,0.844
XLP,0.733,0.651,0.465,0.645,0.585,1.0,0.697,0.725,0.622
XLU,0.589,0.53,0.407,0.515,0.453,0.697,1.0,0.567,0.469
XLV,0.817,0.708,0.523,0.707,0.686,0.725,0.567,1.0,0.681
XLY,0.908,0.761,0.553,0.758,0.844,0.622,0.469,0.681,1.0
